Build-starts!
start-time  : 2018-12-31 15:56:02.916240
end-time    : 2018-12-31 19:04:56.627115
elapsed-time: 03h08m53.71s
