Search-starts!
start-time  : 2018-12-31 19:04:56.649504
end-time    : 2018-12-31 19:08:54.451753
elapsed-time: 00h03m57.80s
