Build-starts!
start-time  : 2018-12-31 06:52:00.590527
end-time    : 2018-12-31 07:04:16.186721
elapsed-time: 00h12m15.59s
