Search-starts!
start-time  : 2018-12-31 07:04:16.192864
end-time    : 2018-12-31 07:05:31.851811
elapsed-time: 00h01m15.65s
