Build-starts!
start-time  : 2018-12-31 07:43:20.638997
end-time    : 2018-12-31 07:44:04.009229
elapsed-time: 00h00m43.37s
