Build-starts!
start-time  : 2018-12-31 07:39:45.463047
end-time    : 2018-12-31 07:40:46.274659
elapsed-time: 00h01m00.81s
