Build-starts!
start-time  : 2018-12-31 07:41:38.879765
end-time    : 2018-12-31 07:42:36.526402
elapsed-time: 00h00m57.64s
