Build-starts!
start-time  : 2018-12-31 07:41:00.875522
end-time    : 2018-12-31 07:41:24.370135
elapsed-time: 00h00m23.49s
