Build-starts!
start-time  : 2018-12-31 07:42:46.751559
end-time    : 2018-12-31 07:43:11.974998
elapsed-time: 00h00m25.22s
