Search-starts!
start-time  : 2018-12-31 07:44:04.023408
end-time    : 2018-12-31 07:44:53.213100
elapsed-time: 00h00m49.18s
