Search-starts!
start-time  : 2018-12-31 07:40:46.279876
end-time    : 2018-12-31 07:41:00.870245
elapsed-time: 00h00m14.59s
