Search-starts!
start-time  : 2018-12-31 07:42:36.990903
end-time    : 2018-12-31 07:42:46.746379
elapsed-time: 00h00m09.75s
