Search-starts!
start-time  : 2018-12-31 07:41:24.375685
end-time    : 2018-12-31 07:41:38.874489
elapsed-time: 00h00m14.49s
