Search-starts!
start-time  : 2018-12-31 07:43:12.895178
end-time    : 2018-12-31 07:43:20.633782
elapsed-time: 00h00m07.73s
