Build-starts!
start-time  : 2018-12-31 00:43:11.693077
end-time    : 2018-12-31 02:21:38.996120
elapsed-time: 01h38m27.30s
