Search-starts!
start-time  : 2018-12-31 02:21:39.002194
end-time    : 2018-12-31 02:56:07.704452
elapsed-time: 00h34m28.70s
