Search-starts!
start-time  : 2018-12-31 02:21:39.007634
end-time    : 2018-12-31 02:22:05.731156
elapsed-time: 00h00m26.72s
