Build-starts!
start-time  : 2018-12-31 08:05:41.126009
end-time    : 2018-12-31 08:10:52.431732
elapsed-time: 00h05m11.30s
