Search-starts!
start-time  : 2018-12-31 08:10:52.439045
end-time    : 2018-12-31 08:16:24.681508
elapsed-time: 00h05m32.24s
