Build-starts!
start-time  : 2019-01-01 03:04:30.362797
end-time    : 2019-01-01 03:09:18.575017
elapsed-time: 00h04m48.21s
