Search-starts!
start-time  : 2019-01-01 04:48:12.508768
end-time    : 2019-01-01 05:43:50.078565
elapsed-time: 00h55m37.56s
