Build-starts!
start-time  : 2018-12-31 19:16:56.633614
end-time    : 2018-12-31 19:24:05.983275
elapsed-time: 00h07m09.34s
