Search-starts!
start-time  : 2018-12-31 19:24:05.999085
end-time    : 2018-12-31 19:28:13.790051
elapsed-time: 00h04m07.79s
