Build-starts!
start-time  : 2018-12-31 07:44:53.967139
end-time    : 2018-12-31 20:07:13.402806
elapsed-time: 12h22m19.43s
