Search-starts!
start-time  : 2019-01-01 03:54:03.322214
end-time    : 2019-01-01 04:48:12.503041
elapsed-time: 00h54m09.18s
