Build-starts!
start-time  : 2018-12-31 19:28:14.206422
end-time    : 2018-12-31 19:33:26.693560
elapsed-time: 00h05m12.48s
