Search-starts!
start-time  : 2018-12-31 19:33:28.334572
end-time    : 2018-12-31 19:40:00.722568
elapsed-time: 00h06m32.38s
