Build-starts!
start-time  : 2018-11-29 07:17:46.551840
end-time    : 2018-11-29 07:26:41.744347
elapsed-time: 00h08m55.19s
