Search-starts!
start-time  : 2018-11-29 07:26:41.766623
end-time    : 2018-11-29 07:28:27.362821
elapsed-time: 00h01m45.59s
