Build-starts!
start-time  : 2018-12-31 03:21:41.527030
end-time    : 2018-12-31 03:45:52.693921
elapsed-time: 00h24m11.16s
