Search-starts!
start-time  : 2018-12-31 03:45:52.700052
end-time    : 2018-12-31 03:46:49.321683
elapsed-time: 00h00m56.62s
