Build-starts!
start-time  : 2018-12-31 10:10:00.553669
end-time    : 2018-12-31 10:18:06.503785
elapsed-time: 00h08m05.95s
