Search-starts!
start-time  : 2018-12-31 10:18:06.514292
end-time    : 2018-12-31 10:22:54.337844
elapsed-time: 00h04m47.82s
