Build-starts!
start-time  : 2018-12-31 00:29:23.543768
end-time    : 2018-12-31 00:41:40.160515
elapsed-time: 00h12m16.61s
