Search-starts!
start-time  : 2018-12-31 00:41:40.166806
end-time    : 2018-12-31 00:43:11.500245
elapsed-time: 00h01m31.33s
