Build-starts!
start-time  : 2019-01-01 11:42:58.310034
end-time    : 2019-01-01 13:07:55.483249
elapsed-time: 01h24m57.17s
