Build-starts!
start-time  : 2019-01-01 13:07:55.489056
end-time    : 2019-01-01 13:22:32.382867
elapsed-time: 00h14m36.89s
