Search-starts!
start-time  : 2019-01-01 15:07:18.357511
end-time    : 2019-01-01 16:09:34.693617
elapsed-time: 01h02m16.33s
