Build-starts!
start-time  : 2018-12-31 19:40:01.206281
end-time    : 2018-12-31 19:45:12.609364
elapsed-time: 00h05m11.40s
