Search-starts!
start-time  : 2018-12-31 19:45:13.562989
end-time    : 2018-12-31 19:51:44.902215
elapsed-time: 00h06m31.33s
