Build-starts!
start-time  : 2018-12-31 08:21:33.813577
end-time    : 2018-12-31 08:26:41.133184
elapsed-time: 00h05m07.31s
