Build-starts!
start-time  : 2018-12-31 08:16:25.002617
end-time    : 2018-12-31 08:21:33.808278
elapsed-time: 00h05m08.80s
