Search-starts!
start-time  : 2018-12-31 08:26:41.144693
end-time    : 2018-12-31 08:29:26.875244
elapsed-time: 00h02m45.73s
