Search-starts!
start-time  : 2018-12-31 08:29:26.880579
end-time    : 2018-12-31 08:30:24.694789
elapsed-time: 00h00m57.81s
