Build-starts!
start-time  : 2018-12-31 20:07:13.464222
end-time    : 2019-01-01 16:09:34.878967
elapsed-time: 20h02m21.41s
