Build-starts!
start-time  : 2019-01-01 03:09:18.580323
end-time    : 2019-01-01 03:54:03.026459
elapsed-time: 00h44m44.44s
