Build-starts!
start-time  : 2018-12-31 04:21:47.753662
end-time    : 2018-12-31 04:37:05.420035
elapsed-time: 00h15m17.66s
