Search-starts!
start-time  : 2018-12-31 04:37:05.426248
end-time    : 2018-12-31 04:38:20.561698
elapsed-time: 00h01m15.13s
