Build-starts!
start-time  : 2018-12-31 09:11:07.928955
end-time    : 2018-12-31 09:21:29.337556
elapsed-time: 00h10m21.40s
