Build-starts!
start-time  : 2018-12-31 09:21:29.701953
end-time    : 2018-12-31 09:31:45.513525
elapsed-time: 00h10m15.81s
