Search-starts!
start-time  : 2018-12-31 09:31:45.547000
end-time    : 2018-12-31 09:34:29.898250
elapsed-time: 00h02m44.35s
