Search-starts!
start-time  : 2018-12-31 09:34:29.904384
end-time    : 2018-12-31 09:36:38.879189
elapsed-time: 00h02m08.97s
