Build-starts!
start-time  : 2018-12-31 07:05:32.045041
end-time    : 2018-12-31 07:17:36.690647
elapsed-time: 00h12m04.64s
