Search-starts!
start-time  : 2018-12-31 07:17:36.696795
end-time    : 2018-12-31 07:18:00.346320
elapsed-time: 00h00m23.64s
