Build-starts!
start-time  : 2018-12-31 07:47:11.394523
end-time    : 2018-12-31 07:53:23.563249
elapsed-time: 00h06m12.16s
