Build-starts!
start-time  : 2018-12-31 07:53:23.568657
end-time    : 2018-12-31 07:58:44.000220
elapsed-time: 00h05m20.43s
