Search-starts!
start-time  : 2018-12-31 07:58:44.007651
end-time    : 2018-12-31 08:04:00.628936
elapsed-time: 00h05m16.62s
