Search-starts!
start-time  : 2018-12-31 08:04:00.634995
end-time    : 2018-12-31 08:05:40.362186
elapsed-time: 00h01m39.72s
