Build-starts!
start-time  : 2018-12-31 19:08:54.828700
end-time    : 2018-12-31 19:14:01.962744
elapsed-time: 00h05m07.13s
