Search-starts!
start-time  : 2018-12-31 19:14:03.574620
end-time    : 2018-12-31 19:16:56.206829
elapsed-time: 00h02m52.63s
