Build-starts!
start-time  : 2018-12-31 10:56:12.570210
end-time    : 2018-12-31 14:43:58.798062
elapsed-time: 03h47m46.22s
