Search-starts!
start-time  : 2018-12-31 14:43:58.815892
end-time    : 2018-12-31 15:56:02.356768
elapsed-time: 01h12m03.54s
