Build-starts!
start-time  : 2018-12-31 20:05:12.514653
end-time    : 2018-12-31 20:06:04.080986
elapsed-time: 00h00m51.56s
