Build-starts!
start-time  : 2018-12-31 20:03:38.737990
end-time    : 2018-12-31 20:04:20.878698
elapsed-time: 00h00m42.14s
