Build-starts!
start-time  : 2018-12-31 20:00:07.592628
end-time    : 2018-12-31 20:02:27.110802
elapsed-time: 00h02m19.51s
