Build-starts!
start-time  : 2018-12-31 20:02:52.242442
end-time    : 2018-12-31 20:03:05.854458
elapsed-time: 00h00m13.61s
