Build-starts!
start-time  : 2018-12-31 20:04:37.707950
end-time    : 2018-12-31 20:04:53.497616
elapsed-time: 00h00m15.78s
