Search-starts!
start-time  : 2018-12-31 20:06:04.086190
end-time    : 2018-12-31 20:07:12.374142
elapsed-time: 00h01m08.28s
