Search-starts!
start-time  : 2018-12-31 20:04:20.883922
end-time    : 2018-12-31 20:04:37.702719
elapsed-time: 00h00m16.81s
