Search-starts!
start-time  : 2018-12-31 20:02:27.116025
end-time    : 2018-12-31 20:02:52.237267
elapsed-time: 00h00m25.12s
