Search-starts!
start-time  : 2018-12-31 20:03:05.859658
end-time    : 2018-12-31 20:03:38.732795
elapsed-time: 00h00m32.87s
