Search-starts!
start-time  : 2018-12-31 20:04:53.502897
end-time    : 2018-12-31 20:05:12.509455
elapsed-time: 00h00m19.00s
