Build-starts!
start-time  : 2018-12-31 10:22:55.311655
end-time    : 2018-12-31 10:31:09.056915
elapsed-time: 00h08m13.74s
