Search-starts!
start-time  : 2018-12-31 10:31:09.074144
end-time    : 2018-12-31 10:41:59.433171
elapsed-time: 00h10m50.35s
