Build-starts!
start-time  : 2018-12-31 05:05:16.831237
end-time    : 2018-12-31 05:22:16.934540
elapsed-time: 00h17m00.10s
