Search-starts!
start-time  : 2018-12-31 05:22:16.940755
end-time    : 2018-12-31 05:27:53.659098
elapsed-time: 00h05m36.71s
