Build-starts!
start-time  : 2018-12-31 02:56:08.295569
end-time    : 2018-12-31 03:20:39.615655
elapsed-time: 00h24m31.32s
