Search-starts!
start-time  : 2018-12-31 03:20:39.621776
end-time    : 2018-12-31 03:21:41.277267
elapsed-time: 00h01m01.65s
