Build-starts!
start-time  : 2018-12-31 05:27:53.998664
end-time    : 2018-12-31 06:47:40.149798
elapsed-time: 01h19m46.15s
