Search-starts!
start-time  : 2018-12-31 06:47:40.156626
end-time    : 2018-12-31 06:52:00.413376
elapsed-time: 00h04m20.25s
