Build-starts!
start-time  : 2018-12-31 00:26:28.294789
end-time    : 2019-01-01 16:09:34.907268
elapsed-time: 1 days, 15h43m06.61s
