Search-starts!
start-time  : 2019-01-01 13:22:32.389783
end-time    : 2019-01-01 15:07:18.351470
elapsed-time: 01h44m45.96s
