Build-starts!
start-time  : 2018-12-31 03:46:49.576163
end-time    : 2018-12-31 04:01:52.826229
elapsed-time: 00h15m03.25s
