Search-starts!
start-time  : 2018-12-31 04:01:52.832431
end-time    : 2018-12-31 04:21:47.410565
elapsed-time: 00h19m54.57s
