Build-starts!
start-time  : 2018-12-31 00:26:28.300959
end-time    : 2018-12-31 07:44:53.961494
elapsed-time: 07h18m25.66s
