Build-starts!
start-time  : 2018-12-31 04:38:20.905330
end-time    : 2018-12-31 04:55:15.893637
elapsed-time: 00h16m54.98s
