Search-starts!
start-time  : 2018-12-31 04:55:15.899834
end-time    : 2018-12-31 05:05:16.489017
elapsed-time: 00h10m00.58s
