Build-starts!
start-time  : 2018-12-31 07:18:00.714793
end-time    : 2018-12-31 07:30:16.177753
elapsed-time: 00h12m15.46s
