Search-starts!
start-time  : 2018-12-31 07:30:16.183936
end-time    : 2018-12-31 07:30:39.424795
elapsed-time: 00h00m23.24s
