Build-starts!
start-time  : 2018-12-31 08:41:04.031552
end-time    : 2018-12-31 08:51:43.146877
elapsed-time: 00h10m39.11s
