Build-starts!
start-time  : 2018-12-31 08:30:25.477860
end-time    : 2018-12-31 08:41:04.026319
elapsed-time: 00h10m38.54s
