Search-starts!
start-time  : 2018-12-31 08:51:43.155316
end-time    : 2018-12-31 09:07:00.771039
elapsed-time: 00h15m17.61s
