Search-starts!
start-time  : 2018-12-31 09:07:00.777101
end-time    : 2018-12-31 09:11:06.874177
elapsed-time: 00h04m06.09s
