Build-starts!
start-time  : 2018-11-29 06:10:27.943964
end-time    : 2018-11-29 06:44:26.546169
elapsed-time: 00h33m58.60s
