Search-starts!
start-time  : 2018-11-29 06:44:26.567539
end-time    : 2018-11-29 06:46:15.726532
elapsed-time: 00h01m49.15s
