Build-starts!
start-time  : 2019-01-01 05:43:54.464068
end-time    : 2019-01-01 06:02:56.018719
elapsed-time: 00h19m01.55s
