Search-starts!
start-time  : 2019-01-01 06:02:56.024559
end-time    : 2019-01-01 11:42:45.865716
elapsed-time: 05h39m49.84s
