Build-starts!
start-time  : 2018-12-31 20:07:15.733505
end-time    : 2018-12-31 20:31:12.990550
elapsed-time: 00h23m57.25s
