Search-starts!
start-time  : 2018-12-31 20:31:13.013289
end-time    : 2019-01-01 03:04:23.434644
elapsed-time: 06h33m10.42s
