Build-starts!
start-time  : 2018-12-31 10:42:00.464178
end-time    : 2018-12-31 10:50:14.211218
elapsed-time: 00h08m13.74s
