Search-starts!
start-time  : 2018-12-31 10:50:14.227059
end-time    : 2018-12-31 10:56:11.693264
elapsed-time: 00h05m57.46s
