Build-starts!
start-time  : 2018-11-29 07:07:27.224827
end-time    : 2018-11-29 07:16:00.465242
elapsed-time: 00h08m33.24s
