Search-starts!
start-time  : 2018-11-29 07:16:00.491784
end-time    : 2018-11-29 07:17:45.552752
elapsed-time: 00h01m45.06s
