Build-starts!
start-time  : 2018-12-31 07:30:39.801727
end-time    : 2018-12-31 07:33:28.313756
elapsed-time: 00h02m48.51s
