Search-starts!
start-time  : 2018-12-31 07:33:28.320088
end-time    : 2018-12-31 07:34:46.389345
elapsed-time: 00h01m18.06s
