Build-starts!
start-time  : 2018-12-31 09:36:40.238996
end-time    : 2018-12-31 09:44:53.082509
elapsed-time: 00h08m12.84s
