Search-starts!
start-time  : 2018-12-31 09:44:53.108217
end-time    : 2018-12-31 10:09:59.787204
elapsed-time: 00h25m06.67s
