Build-starts!
start-time  : 2018-11-29 05:35:29.944939
end-time    : 2018-11-29 06:09:26.033294
elapsed-time: 00h33m56.08s
