Search-starts!
start-time  : 2018-11-29 06:09:26.056493
end-time    : 2018-11-29 06:10:27.272806
elapsed-time: 00h01m01.21s
